1403636580763549952
1403636580863549952
1403636580963549952
1403636581063549952
1403636581163549952
1403636581263549952
1403636581363549952
1403636581463549952
1403636581563549952
1403636581663549952
1403636581763549952
1403636581863549952
1403636581963549952
1403636582063549952
1403636582163549952
1403636582263549952
1403636582363549952
1403636582463549952
1403636582563549952
1403636582663549952
1403636582763549952
1403636582863549952
1403636582963549952
1403636583063549952
1403636583163549952
1403636583263549952
1403636583363549952
1403636583463549952
1403636583563549952
1403636583663549952
1403636583763549952
1403636583863549952
1403636583963549952
1403636584063549952
1403636584163549952
1403636584263549952
1403636584363549952
1403636584463549952
1403636584563549952
1403636584663549952
1403636584763549952
1403636584863549952
1403636584963549952
1403636585063549952
1403636585163549952
1403636585263549952
1403636585363549952
1403636585463549952
1403636585563549952
1403636585663549952
1403636585763549952
1403636585863549952
1403636585963549952
1403636586063549952
1403636586163549952
1403636586263549952
1403636586363549952
1403636586463549952
1403636586563549952
1403636586663549952
1403636586763549952
1403636586863549952
1403636586963549952
1403636587063549952
1403636587163549952
1403636587263549952
1403636587363549952
1403636587463549952
1403636587563549952
1403636587663549952
1403636587763549952
1403636587863549952
1403636587963549952
1403636588063549952
1403636588163549952
1403636588263549952
1403636588363549952
1403636588463549952
1403636588563549952
1403636588663549952
1403636588763549952
1403636588863549952
1403636588963549952
1403636589063549952
1403636589163549952
1403636589263549952
1403636589363549952
1403636589463549952
1403636589563549952
1403636589663549952
1403636589763549952
1403636589863549952
1403636589963549952
1403636590063549952
1403636590163549952
1403636590263549952
1403636590363549952
1403636590463549952
1403636590563549952
1403636590663549952
1403636590763549952
1403636590863549952
1403636590963549952
1403636591063549952
1403636591163549952
1403636591263549952
1403636591363549952
1403636591463549952
1403636591563549952
1403636591663549952
1403636591763549952
1403636591863549952
1403636591963549952
1403636592063549952
1403636592163549952
1403636592263549952
1403636592363549952
1403636592463549952
1403636592563549952
1403636592663549952
1403636592763549952
1403636592863549952
1403636592963549952
1403636593063549952
1403636593163549952
1403636593263549952
1403636593363549952
1403636593463549952
1403636593563549952
1403636593663549952
1403636593763549952
1403636593863549952
1403636593963549952
1403636594063549952
1403636594163549952
1403636594263549952
1403636594363549952
1403636594463549952
1403636594563549952
1403636594663549952
1403636594763549952
1403636594863549952
1403636594963549952
1403636595063549952
1403636595163549952
1403636595263549952
1403636595363549952
1403636595463549952
1403636595563549952
1403636595663549952
1403636595763549952
1403636595863549952
1403636595963549952
1403636596063549952
1403636596163549952
1403636596263549952
1403636596363549952
1403636596463549952
1403636596563549952
1403636596663549952
1403636596763549952
1403636596863549952
1403636596963549952
1403636597063549952
1403636597163549952
1403636597263549952
1403636597363549952
1403636597463549952
1403636597563549952
1403636597663549952
1403636597763549952
1403636597863549952
1403636597963549952
1403636598063549952
1403636598163549952
1403636598263549952
1403636598363549952
1403636598463549952
1403636598563549952
1403636598663549952
1403636598763549952
1403636598863549952
1403636598963549952
1403636599063549952
1403636599163549952
1403636599263549952
1403636599363549952
1403636599463549952
1403636599563549952
1403636599663549952
1403636599763549952
1403636599863549952
1403636599963549952
1403636600063549952
1403636600163549952
1403636600263549952
1403636600363549952
1403636600463549952
1403636600563549952
1403636600663549952
1403636600763549952
1403636600863549952
1403636600963549952
1403636601063549952
1403636601163549952
1403636601263549952
1403636601363549952
1403636601463549952
1403636601563549952
1403636601663549952
1403636601763549952
1403636601863549952
1403636601963549952
1403636602063549952
1403636602163549952
1403636602263549952
1403636602363549952
1403636602463549952
1403636602563549952
1403636602663549952
1403636602763549952
1403636602863549952
1403636602963549952
1403636603063549952
1403636603163549952
1403636603263549952
1403636603363549952
1403636603463549952
1403636603563549952
1403636603663549952
1403636603763549952
1403636603863549952
1403636603963549952
1403636604063549952
1403636604163549952
1403636604263549952
1403636604363549952
1403636604463549952
1403636604563549952
1403636604663549952
1403636604763549952
1403636604863549952
1403636604963549952
1403636605063549952
1403636605163549952
1403636605263549952
1403636605363549952
1403636605463549952
1403636605563549952
1403636605663549952
1403636605763549952
1403636605863549952
1403636605963549952
1403636606063549952
1403636606163549952
1403636606263549952
1403636606363549952
1403636606463549952
1403636606563549952
1403636606663549952
1403636606763549952
1403636606863549952
1403636606963549952
1403636607063549952
1403636607163549952
1403636607263549952
1403636607363549952
1403636607463549952
1403636607563549952
1403636607663549952
1403636607763549952
1403636607863549952
1403636607963549952
1403636608063549952
1403636608163549952
1403636608263549952
1403636608363549952
1403636608463549952
1403636608563549952
1403636608663549952
1403636608763549952
1403636608863549952
1403636608963549952
1403636609063549952
1403636609163549952
1403636609263549952
1403636609363549952
1403636609463549952
1403636609563549952
1403636609663549952
1403636609763549952
1403636609863549952
1403636609963549952
1403636610063549952
1403636610163549952
1403636610263549952
1403636610363549952
1403636610463549952
1403636610563549952
1403636610663549952
1403636610763549952
1403636610863549952
1403636610963549952
1403636611063549952
1403636611163549952
1403636611263549952
1403636611363549952
1403636611463549952
1403636611563549952
1403636611663549952
1403636611763549952
1403636611863549952
1403636611963549952
1403636612063549952
1403636612163549952
1403636612263549952
1403636612363549952
1403636612463549952
1403636612563549952
1403636612663549952
1403636612763549952
1403636612863549952
1403636612963549952
1403636613063549952
1403636613163549952
1403636613263549952
1403636613363549952
1403636613463549952
1403636613563549952
1403636613663549952
1403636613763549952
1403636613863549952
1403636613963549952
1403636614063549952
1403636614163549952
1403636614263549952
1403636614363549952
1403636614463549952
1403636614563549952
1403636614663549952
1403636614763549952
1403636614863549952
1403636614963549952
1403636615063549952
1403636615163549952
1403636615263549952
1403636615363549952
1403636615463549952
1403636615563549952
1403636615663549952
1403636615763549952
1403636615863549952
1403636615963549952
1403636616063549952
1403636616163549952
1403636616263549952
1403636616363549952
1403636616463549952
1403636616563549952
1403636616663549952
1403636616763549952
1403636616863549952
1403636616963549952
1403636617063549952
1403636617163549952
1403636617263549952
1403636617363549952
1403636617463549952
1403636617563549952
1403636617663549952
1403636617763549952
1403636617863549952
1403636617963549952
1403636618063549952
1403636618163549952
1403636618263549952
1403636618363549952
1403636618463549952
1403636618563549952
1403636618663549952
1403636618763549952
1403636618863549952
1403636618963549952
1403636619063549952
1403636619163549952
1403636619263549952
1403636619363549952
1403636619463549952
1403636619563549952
1403636619663549952
1403636619763549952
1403636619863549952
1403636619963549952
1403636620063549952
1403636620163549952
1403636620263549952
1403636620363549952
1403636620463549952
1403636620563549952
1403636620663549952
1403636620763549952
1403636620863549952
1403636620963549952
1403636621063549952
1403636621163549952
1403636621263549952
1403636621363549952
1403636621463549952
1403636621563549952
1403636621663549952
1403636621763549952
1403636621863549952
1403636621963549952
1403636622063549952
1403636622163549952
1403636622263549952
1403636622363549952
1403636622463549952
1403636622563549952
1403636622663549952
1403636622763549952
1403636622863549952
1403636622963549952
1403636623063549952
1403636623163549952
1403636623263549952
1403636623363549952
1403636623463549952
1403636623563549952
1403636623663549952
1403636623763549952
1403636623863549952
1403636623963549952
1403636624063549952
1403636624163549952
1403636624263549952
1403636624363549952
1403636624463549952
1403636624563549952
1403636624663549952
1403636624763549952
1403636624863549952
1403636624963549952
1403636625063549952
1403636625163549952
1403636625263549952
1403636625363549952
1403636625463549952
1403636625563549952
1403636625663549952
1403636625763549952
1403636625863549952
1403636625963549952
1403636626063549952
1403636626163549952
1403636626263549952
1403636626363549952
1403636626463549952
1403636626563549952
1403636626663549952
1403636626763549952
1403636626863549952
1403636626963549952
1403636627063549952
1403636627163549952
1403636627263549952
1403636627363549952
1403636627463549952
1403636627563549952
1403636627663549952
1403636627763549952
1403636627863549952
1403636627963549952
1403636628063549952
1403636628163549952
1403636628263549952
1403636628363549952
1403636628463549952
1403636628563549952
1403636628663549952
1403636628763549952
1403636628863549952
1403636628963549952
1403636629063549952
1403636629163549952
1403636629263549952
1403636629363549952
1403636629463549952
1403636629563549952
1403636629663549952
1403636629763549952
1403636629863549952
1403636629963549952
1403636630063549952
1403636630163549952
1403636630263549952
1403636630363549952
1403636630463549952
1403636630563549952
1403636630663549952
1403636630763549952
1403636630863549952
1403636630963549952
1403636631063549952
1403636631163549952
1403636631263549952
1403636631363549952
1403636631463549952
1403636631563549952
1403636631663549952
1403636631763549952
1403636631863549952
1403636631963549952
1403636632063549952
1403636632163549952
1403636632263549952
1403636632363549952
1403636632463549952
1403636632563549952
1403636632663549952
1403636632763549952
1403636632863549952
1403636632963549952
1403636633063549952
1403636633163549952
1403636633263549952
1403636633363549952
1403636633463549952
1403636633563549952
1403636633663549952
1403636633763549952
1403636633863549952
1403636633963549952
1403636634063549952
1403636634163549952
1403636634263549952
1403636634363549952
1403636634463549952
1403636634563549952
1403636634663549952
1403636634763549952
1403636634863549952
1403636634963549952
1403636635063549952
1403636635163549952
1403636635263549952
1403636635363549952
1403636635463549952
1403636635563549952
1403636635663549952
1403636635763549952
1403636635863549952
1403636635963549952
1403636636063549952
1403636636163549952
1403636636263549952
1403636636363549952
1403636636463549952
1403636636563549952
1403636636663549952
1403636636763549952
1403636636863549952
1403636636963549952
1403636637063549952
1403636637163549952
1403636637263549952
1403636637363549952
1403636637463549952
1403636637563549952
1403636637663549952
1403636637763549952
1403636637863549952
1403636637963549952
1403636638063549952
1403636638163549952
1403636638263549952
1403636638363549952
1403636638463549952
1403636638563549952
1403636638663549952
1403636638763549952
1403636638863549952
1403636638963549952
1403636639063549952
1403636639163549952
1403636639263549952
1403636639363549952
1403636639463549952
1403636639563549952
1403636639663549952
1403636639763549952
1403636639863549952
1403636639963549952
1403636640063549952
1403636640163549952
1403636640263549952
1403636640363549952
1403636640463549952
1403636640563549952
1403636640663549952
1403636640763549952
1403636640863549952
1403636640963549952
1403636641063549952
1403636641163549952
1403636641263549952
1403636641363549952
1403636641463549952
1403636641563549952
1403636641663549952
1403636641763549952
1403636641863549952
1403636641963549952
1403636642063549952
1403636642163549952
1403636642263549952
1403636642363549952
1403636642463549952
1403636642563549952
1403636642663549952
1403636642763549952
1403636642863549952
1403636642963549952
1403636643063549952
1403636643163549952
1403636643263549952
1403636643363549952
1403636643463549952
1403636643563549952
1403636643663549952
1403636643763549952
1403636643863549952
1403636643963549952
1403636644063549952
1403636644163549952
1403636644263549952
1403636644363549952
1403636644463549952
1403636644563549952
1403636644663549952
1403636644763549952
1403636644863549952
1403636644963549952
1403636645063549952
1403636645163549952
1403636645263549952
1403636645363549952
1403636645463549952
1403636645563549952
1403636645663549952
1403636645763549952
1403636645863549952
1403636645963549952
1403636646063549952
1403636646163549952
1403636646263549952
1403636646363549952
1403636646463549952
1403636646563549952
1403636646663549952
1403636646763549952
1403636646863549952
1403636646963549952
1403636647063549952
1403636647163549952
1403636647263549952
1403636647363549952
1403636647463549952
1403636647563549952
1403636647663549952
1403636647763549952
1403636647863549952
1403636647963549952
1403636648063549952
1403636648163549952
1403636648263549952
1403636648363549952
1403636648463549952
1403636648563549952
1403636648663549952
1403636648763549952
1403636648863549952
1403636648963549952
1403636649063549952
1403636649163549952
1403636649263549952
1403636649363549952
1403636649463549952
1403636649563549952
1403636649663549952
1403636649763549952
1403636649863549952
1403636649963549952
1403636650063549952
1403636650163549952
1403636650263549952
1403636650363549952
1403636650463549952
1403636650563549952
1403636650663549952
1403636650763549952
1403636650863549952
1403636650963549952
1403636651063549952
1403636651163549952
1403636651263549952
1403636651363549952
1403636651463549952
1403636651563549952
1403636651663549952
1403636651763549952
1403636651863549952
1403636651963549952
1403636652063549952
1403636652163549952
1403636652263549952
1403636652363549952
1403636652463549952
1403636652563549952
1403636652663549952
1403636652763549952
1403636652863549952
1403636652963549952
1403636653063549952
1403636653163549952
1403636653263549952
1403636653363549952
1403636653463549952
1403636653563549952
1403636653663549952
1403636653763549952
1403636653863549952
1403636653963549952
1403636654063549952
1403636654163549952
1403636654263549952
1403636654363549952
1403636654463549952
1403636654563549952
1403636654663549952
1403636654763549952
1403636654863549952
1403636654963549952
1403636655063549952
1403636655163549952
1403636655263549952
1403636655363549952
1403636655463549952
1403636655563549952
1403636655663549952
1403636655763549952
1403636655863549952
1403636655963549952
1403636656063549952
1403636656163549952
1403636656263549952
1403636656363549952
1403636656463549952
1403636656563549952
1403636656663549952
1403636656763549952
1403636656863549952
1403636656963549952
1403636657063549952
1403636657163549952
1403636657263549952
1403636657363549952
1403636657463549952
1403636657563549952
1403636657663549952
1403636657763549952
1403636657863549952
1403636657963549952
1403636658063549952
1403636658163549952
1403636658263549952
1403636658363549952
1403636658463549952
1403636658563549952
1403636658663549952
1403636658763549952
1403636658863549952
1403636658963549952
1403636659063549952
1403636659163549952
1403636659263549952
1403636659363549952
1403636659463549952
1403636659563549952
1403636659663549952
1403636659763549952
1403636659863549952
1403636659963549952
1403636660063549952
1403636660163549952
1403636660263549952
1403636660363549952
1403636660463549952
1403636660563549952
1403636660663549952
1403636660763549952
1403636660863549952
1403636660963549952
1403636661063549952
1403636661163549952
1403636661263549952
1403636661363549952
1403636661463549952
1403636661563549952
1403636661663549952
1403636661763549952
1403636661863549952
1403636661963549952
1403636662063549952
1403636662163549952
1403636662263549952
1403636662363549952
1403636662463549952
1403636662563549952
1403636662663549952
1403636662763549952
1403636662863549952
1403636662963549952
1403636663063549952
1403636663163549952
1403636663263549952
1403636663363549952
1403636663463549952
1403636663563549952
1403636663663549952
1403636663763549952
1403636663863549952
1403636663963549952
1403636664063549952
1403636664163549952
1403636664263549952
1403636664363549952
1403636664463549952
1403636664563549952
1403636664663549952
1403636664763549952
1403636664863549952
1403636664963549952
1403636665063549952
1403636665163549952
1403636665263549952
1403636665363549952
1403636665463549952
1403636665563549952
1403636665663549952
1403636665763549952
1403636665863549952
1403636665963549952
1403636666063549952
1403636666163549952
1403636666263549952
1403636666363549952
1403636666463549952
1403636666563549952
1403636666663549952
1403636666763549952
1403636666863549952
1403636666963549952
1403636667063549952
1403636667163549952
1403636667263549952
1403636667363549952
1403636667463549952
1403636667563549952
1403636667663549952
1403636667763549952
1403636667863549952
1403636667963549952
1403636668063549952
1403636668163549952
1403636668263549952
1403636668363549952
1403636668463549952
1403636668563549952
1403636668663549952
1403636668763549952
1403636668863549952
1403636668963549952
1403636669063549952
1403636669163549952
1403636669263549952
1403636669363549952
1403636669463549952
1403636669563549952
1403636669663549952
1403636669763549952
1403636669863549952
1403636669963549952
1403636670063549952
1403636670163549952
1403636670263549952
1403636670363549952
1403636670463549952
1403636670563549952
1403636670663549952
1403636670763549952
1403636670863549952
1403636670963549952
1403636671063549952
1403636671163549952
1403636671263549952
1403636671363549952
1403636671463549952
1403636671563549952
1403636671663549952
1403636671763549952
1403636671863549952
1403636671963549952
1403636672063549952
1403636672163549952
1403636672263549952
1403636672363549952
1403636672463549952
1403636672563549952
1403636672663549952
1403636672763549952
1403636672863549952
1403636672963549952
1403636673063549952
1403636673163549952
1403636673263549952
1403636673363549952
1403636673463549952
1403636673563549952
1403636673663549952
1403636673763549952
1403636673863549952
1403636673963549952
1403636674063549952
1403636674163549952
1403636674263549952
1403636674363549952
1403636674463549952
1403636674563549952
1403636674663549952
1403636674763549952
1403636674863549952
1403636674963549952
1403636675063549952
1403636675163549952
1403636675263549952
1403636675363549952
1403636675463549952
1403636675563549952
1403636675663549952
1403636675763549952
1403636675863549952
1403636675963549952
1403636676063549952
1403636676163549952
1403636676263549952
1403636676363549952
1403636676463549952
1403636676563549952
1403636676663549952
1403636676763549952
1403636676863549952
1403636676963549952
1403636677063549952
1403636677163549952
1403636677263549952
1403636677363549952
1403636677463549952
1403636677563549952
1403636677663549952
1403636677763549952
1403636677863549952
1403636677963549952
1403636678063549952
1403636678163549952
1403636678263549952
1403636678363549952
1403636678463549952
1403636678563549952
1403636678663549952
1403636678763549952
1403636678863549952
1403636678963549952
1403636679063549952
1403636679163549952
1403636679263549952
1403636679363549952
1403636679463549952
1403636679563549952
1403636679663549952
1403636679763549952
1403636679863549952
1403636679963549952
1403636680063549952
1403636680163549952
1403636680263549952
1403636680363549952
1403636680463549952
1403636680563549952
1403636680663549952
1403636680763549952
1403636680863549952
1403636680963549952
1403636681063549952
1403636681163549952
1403636681263549952
1403636681363549952
1403636681463549952
1403636681563549952
1403636681663549952
1403636681763549952
1403636681863549952
1403636681963549952
1403636682063549952
1403636682163549952
1403636682263549952
1403636682363549952
1403636682463549952
1403636682563549952
1403636682663549952
1403636682763549952
1403636682863549952
1403636682963549952
1403636683063549952
1403636683163549952
1403636683263549952
1403636683363549952
1403636683463549952
1403636683563549952
1403636683663549952
1403636683763549952
1403636683863549952
1403636683963549952
1403636684063549952
1403636684163549952
1403636684263549952
1403636684363549952
1403636684463549952
1403636684563549952
1403636684663549952
1403636684763549952
1403636684863549952
1403636684963549952
1403636685063549952
1403636685163549952
1403636685263549952
1403636685363549952
1403636685463549952
1403636685563549952
1403636685663549952
1403636685763549952
1403636685863549952
1403636685963549952
1403636686063549952
1403636686163549952
1403636686263549952
1403636686363549952
1403636686463549952
1403636686563549952
1403636686663549952
1403636686763549952
1403636686863549952
1403636686963549952
1403636687063549952
1403636687163549952
1403636687263549952
1403636687363549952
1403636687463549952
